-49.735 -19.2845
-49.735 -18.2845
-49.735 -17.2845
-49.735 -16.2845
-49.735 -15.2845
-49.735 -14.2845
-48.735 -20.2845
-48.735 -19.2845
-48.735 -18.2845
-48.735 -15.2845
-48.735 -14.2845
-47.735 -21.2845
-47.735 -20.2845
-47.735 -19.2845
-47.735 -18.2845
-47.735 -17.2845
-47.735 -16.2845
-47.735 -15.2845
-46.735 -22.2845
-46.735 -21.2845
-46.735 -20.2845
-46.735 -18.2845
-46.735 -17.2845
-46.735 -16.2845
-46.735 -15.2845
-45.735 -22.2845
-45.735 -21.2845
-45.735 -18.2845
-45.735 -17.2845
-44.735 -23.2845
-44.735 -22.2845
-44.735 -18.2845
-43.735 -24.2845
-43.735 -23.2845
-43.735 -18.2845
-43.735 -17.2845
-43.735 2.7155
-43.735 3.7155
-43.735 4.7155
-42.735 -24.2845
-42.735 -18.2845
-42.735 -17.2845
-42.735 2.7155
-42.735 3.7155
-42.735 4.7155
-42.735 5.7155
-41.735 -24.2845
-41.735 -18.2845
-41.735 1.7155
-41.735 2.7155
-41.735 3.7155
-40.735 -25.2845
-40.735 -24.2845
-40.735 -18.2845
-40.735 1.7155
-40.735 2.7155
-40.735 3.7155
-40.735 4.7155
-39.735 -25.2845
-39.735 -18.2845
-39.735 1.7155
-39.735 2.7155
-39.735 3.7155
-39.735 4.7155
-38.735 -25.2845
-38.735 -18.2845
-38.735 1.7155
-38.735 4.7155
-37.735 -26.2845
-37.735 -25.2845
-37.735 -19.2845
-37.735 -18.2845
-37.735 1.7155
-37.735 4.7155
-37.735 5.7155
-36.735 -26.2845
-36.735 -19.2845
-36.735 -18.2845
-36.735 0.7155
-36.735 1.7155
-36.735 4.7155
-36.735 5.7155
-36.735 6.7155
-35.735 -27.2845
-35.735 -26.2845
-35.735 -19.2845
-35.735 -18.2845
-35.735 0.7155
-35.735 4.7155
-35.735 5.7155
-35.735 6.7155
-34.735 -27.2845
-34.735 -26.2845
-34.735 -19.2845
-34.735 -0.2845
-34.735 0.7155
-34.735 5.7155
-34.735 6.7155
-33.735 -27.2845
-33.735 -19.2845
-33.735 -18.2845
-33.735 -0.2845
-33.735 0.7155
-33.735 5.7155
-33.735 6.7155
-32.735 -19.2845
-32.735 -18.2845
-32.735 -0.2845
-32.735 5.7155
-32.735 6.7155
-31.735 -19.2845
-31.735 -18.2845
-31.735 -17.2845
-31.735 -2.2845
-31.735 -1.2845
-31.735 -0.2845
-31.735 5.7155
-31.735 6.7155
-30.735 -18.2845
-30.735 -17.2845
-30.735 -16.2845
-30.735 -2.2845
-30.735 -1.2845
-30.735 -0.2845
-30.735 5.7155
-30.735 6.7155
-29.735 -17.2845
-29.735 -16.2845
-29.735 -15.2845
-29.735 -12.2845
-29.735 -3.2845
-29.735 -2.2845
-29.735 -1.2845
-29.735 5.7155
-29.735 6.7155
-28.735 -26.2845
-28.735 -15.2845
-28.735 -14.2845
-28.735 -13.2845
-28.735 -12.2845
-28.735 -11.2845
-28.735 -10.2845
-28.735 -9.2845
-28.735 -8.2845
-28.735 -5.2845
-28.735 -4.2845
-28.735 -3.2845
-28.735 -2.2845
-28.735 5.7155
-28.735 6.7155
-27.735 -26.2845
-27.735 -9.2845
-27.735 -8.2845
-27.735 -7.2845
-27.735 -6.2845
-27.735 -5.2845
-27.735 -4.2845
-27.735 -3.2845
-27.735 -2.2845
-27.735 5.7155
-27.735 6.7155
-26.735 -26.2845
-26.735 -25.2845
-26.735 5.7155
-26.735 6.7155
-25.735 -26.2845
-25.735 -25.2845
-25.735 5.7155
-25.735 6.7155
-24.735 -25.2845
-24.735 -24.2845
-24.735 5.7155
-24.735 6.7155
-23.735 -25.2845
-23.735 -24.2845
-23.735 4.7155
-23.735 5.7155
-23.735 6.7155
-22.735 -24.2845
-22.735 -23.2845
-22.735 4.7155
-22.735 5.7155
-21.735 -24.2845
-21.735 -23.2845
-21.735 -22.2845
-21.735 4.7155
-21.735 5.7155
-20.735 -23.2845
-20.735 -22.2845
-20.735 -21.2845
-20.735 3.7155
-20.735 4.7155
-19.735 -23.2845
-19.735 -22.2845
-19.735 -21.2845
-19.735 2.7155
-19.735 3.7155
-19.735 4.7155
-18.735 -22.2845
-18.735 -21.2845
-18.735 -20.2845
-18.735 2.7155
-18.735 3.7155
-18.735 4.7155
-17.735 -21.2845
-17.735 -20.2845
-17.735 1.7155
-17.735 2.7155
-17.735 3.7155
-16.735 -21.2845
-16.735 -20.2845
-16.735 -19.2845
-16.735 0.7155
-16.735 1.7155
-16.735 2.7155
-16.735 3.7155
-15.735 -20.2845
-15.735 -19.2845
-15.735 0.7155
-15.735 1.7155
-14.735 -20.2845
-14.735 -19.2845
-14.735 -18.2845
-14.735 -0.2845
-14.735 0.7155
-13.735 -20.2845
-13.735 -19.2845
-13.735 -18.2845
-13.735 -0.2845
-13.735 0.7155
-12.735 -19.2845
-12.735 -18.2845
-12.735 -1.2845
-12.735 -0.2845
-11.735 -19.2845
-11.735 -18.2845
-11.735 -1.2845
-11.735 -0.2845
-10.735 -19.2845
-10.735 -18.2845
-10.735 -2.2845
-10.735 -1.2845
-9.735 -19.2845
-9.735 -18.2845
-9.735 -2.2845
-9.735 -1.2845
-8.735 -19.2845
-8.735 -18.2845
-8.735 -2.2845
-7.735 -19.2845
-7.735 -18.2845
-7.735 -2.2845
-6.735 -18.2845
-6.735 -3.2845
-6.735 -2.2845
-5.735 -18.2845
-5.735 -3.2845
-5.735 -2.2845
-4.735 -18.2845
-4.735 -3.2845
-4.735 -2.2845
-3.735 -18.2845
-3.735 -3.2845
-2.735 -18.2845
-2.735 -3.2845
-2.735 -2.2845
-1.735 -18.2845
-1.735 -17.2845
-1.735 -3.2845
-0.735001 -18.2845
-0.735001 -17.2845
-0.735001 -3.2845
0.264999 -18.2845
0.264999 -17.2845
0.264999 -4.2845
0.264999 -3.2845
1.265 -18.2845
1.265 -17.2845
1.265 -4.2845
1.265 -3.2845
2.265 -18.2845
2.265 -17.2845
2.265 -4.2845
2.265 -3.2845
3.265 -18.2845
3.265 -17.2845
3.265 -4.2845
3.265 -3.2845
4.265 -18.2845
4.265 -17.2845
4.265 -4.2845
4.265 -3.2845
5.265 -18.2845
5.265 -17.2845
5.265 -4.2845
5.265 -3.2845
6.265 -18.2845
6.265 -17.2845
6.265 -4.2845
7.265 -18.2845
7.265 -17.2845
7.265 -4.2845
8.265 -18.2845
8.265 -4.2845
9.265 -18.2845
9.265 -5.2845
9.265 -4.2845
10.265 -18.2845
10.265 -5.2845
10.265 -4.2845
11.265 -19.2845
11.265 -18.2845
11.265 -5.2845
11.265 -4.2845
12.265 -19.2845
12.265 -18.2845
12.265 -5.2845
12.265 -4.2845
13.265 -19.2845
13.265 -18.2845
13.265 -5.2845
13.265 -4.2845
14.265 -19.2845
14.265 -18.2845
14.265 -5.2845
14.265 -4.2845
15.265 -20.2845
15.265 -19.2845
15.265 -18.2845
15.265 -5.2845
15.265 -4.2845
16.265 -20.2845
16.265 -19.2845
16.265 -18.2845
16.265 -5.2845
16.265 -4.2845
17.265 -19.2845
17.265 -18.2845
17.265 -5.2845
17.265 -4.2845
18.265 -20.2845
18.265 -19.2845
18.265 -18.2845
18.265 -5.2845
19.265 -19.2845
19.265 -18.2845
19.265 -5.2845
19.265 -4.2845
20.265 -20.2845
20.265 -19.2845
20.265 -5.2845
21.265 -20.2845
21.265 -19.2845
21.265 -6.2845
21.265 -5.2845
22.265 -20.2845
22.265 -19.2845
22.265 -6.2845
22.265 -5.2845
23.265 -20.2845
23.265 -19.2845
23.265 -6.2845
23.265 -5.2845
24.265 -20.2845
24.265 -19.2845
24.265 -6.2845
24.265 -5.2845
25.265 -20.2845
25.265 -19.2845
25.265 -6.2845
25.265 -5.2845
26.265 -20.2845
26.265 -19.2845
26.265 -6.2845
26.265 -5.2845
27.265 -20.2845
27.265 -19.2845
27.265 -6.2845
27.265 -5.2845
28.265 -20.2845
28.265 -19.2845
28.265 -6.2845
28.265 -5.2845
29.265 -20.2845
29.265 -19.2845
29.265 -6.2845
29.265 -5.2845
30.265 -20.2845
30.265 -19.2845
30.265 -6.2845
30.265 -5.2845
31.265 -20.2845
31.265 -19.2845
31.265 -6.2845
31.265 -5.2845
32.265 -21.2845
32.265 -20.2845
32.265 -19.2845
32.265 -6.2845
32.265 -5.2845
33.265 -20.2845
33.265 -19.2845
33.265 -6.2845
33.265 -5.2845
34.265 -20.2845
34.265 -6.2845
34.265 -5.2845
35.265 -20.2845
35.265 -6.2845
35.265 -5.2845
36.265 -21.2845
36.265 -20.2845
36.265 -6.2845
37.265 -20.2845
37.265 -6.2845
38.265 -21.2845
38.265 -20.2845
38.265 -6.2845
39.265 -20.2845
39.265 -6.2845
40.265 -20.2845
40.265 -6.2845
41.265 -20.2845
41.265 -6.2845
42.265 -20.2845
42.265 -6.2845
43.265 -20.2845
43.265 -6.2845
44.265 -21.2845
44.265 -20.2845
44.265 -6.2845
45.265 -21.2845
45.265 -20.2845
45.265 -6.2845
46.265 -21.2845
46.265 -20.2845
46.265 -6.2845
47.265 -21.2845
47.265 -20.2845
47.265 -6.2845
48.265 -21.2845
48.265 -20.2845
48.265 -6.2845
49.265 -21.2845
49.265 -20.2845
49.265 -6.2845
50.265 -21.2845
50.265 -20.2845
50.265 -19.2845
50.265 -18.2845
50.265 -17.2845
50.265 -16.2845
50.265 -15.2845
50.265 -14.2845
50.265 -13.2845
50.265 -12.2845
50.265 -11.2845
50.265 -10.2845
50.265 -9.2845
50.265 -8.2845
50.265 -7.2845
50.265 -6.2845
50.265 -5.2845
51.265 -21.2845
51.265 -14.2845
51.265 -13.2845
51.265 -12.2845
51.265 -11.2845
51.265 -10.2845
51.265 -9.2845
51.265 -8.2845
51.265 -7.2845
51.265 -6.2845
52.265 -14.2845
52.265 -13.2845
52.265 -12.2845
52.265 -11.2845
52.265 -10.2845
52.265 -9.2845
52.265 -8.2845
52.265 -7.2845
52.265 -6.2845
