-48.4549 -18.8909
-48.4549 -17.8909
-47.4549 -18.8909
-47.4549 -17.8909
-46.4549 -19.8909
-46.4549 -18.8909
-45.4549 -20.8909
-45.4549 -19.8909
-45.4549 -18.8909
-44.4549 -21.8909
-44.4549 -20.8909
-44.4549 -19.8909
-44.4549 -18.8909
-43.4549 -22.8909
-43.4549 -21.8909
-43.4549 -20.8909
-43.4549 -19.8909
-43.4549 -18.8909
-42.4549 -22.8909
-42.4549 -21.8909
-42.4549 -20.8909
-42.4549 -19.8909
-42.4549 -18.8909
-42.4549 2.1091
-42.4549 3.1091
-41.4549 -23.8909
-41.4549 -22.8909
-41.4549 -21.8909
-41.4549 -20.8909
-41.4549 -19.8909
-41.4549 -18.8909
-41.4549 2.1091
-41.4549 3.1091
-40.4549 -23.8909
-40.4549 -22.8909
-40.4549 -21.8909
-40.4549 -20.8909
-40.4549 -19.8909
-40.4549 -18.8909
-40.4549 2.1091
-40.4549 3.1091
-40.4549 4.1091
-39.4549 -23.8909
-39.4549 -22.8909
-39.4549 -21.8909
-39.4549 -20.8909
-39.4549 -19.8909
-39.4549 -18.8909
-39.4549 2.1091
-39.4549 3.1091
-39.4549 4.1091
-38.4549 -24.8909
-38.4549 -23.8909
-38.4549 -22.8909
-38.4549 -21.8909
-38.4549 -20.8909
-38.4549 -19.8909
-38.4549 2.1091
-38.4549 3.1091
-38.4549 4.1091
-37.4549 -24.8909
-37.4549 -23.8909
-37.4549 -22.8909
-37.4549 -21.8909
-37.4549 -20.8909
-37.4549 -19.8909
-37.4549 1.1091
-37.4549 2.1091
-37.4549 3.1091
-37.4549 4.1091
-37.4549 5.1091
-36.4549 -24.8909
-36.4549 -23.8909
-36.4549 -22.8909
-36.4549 -21.8909
-36.4549 -20.8909
-36.4549 -19.8909
-36.4549 -18.8909
-36.4549 1.1091
-36.4549 2.1091
-36.4549 3.1091
-36.4549 5.1091
-35.4549 -23.8909
-35.4549 -22.8909
-35.4549 -21.8909
-35.4549 -20.8909
-35.4549 -19.8909
-35.4549 -18.8909
-35.4549 1.1091
-35.4549 2.1091
-35.4549 3.1091
-35.4549 5.1091
-34.4549 -24.8909
-34.4549 -23.8909
-34.4549 -22.8909
-34.4549 -21.8909
-34.4549 -20.8909
-34.4549 -19.8909
-34.4549 -18.8909
-34.4549 0.1091
-34.4549 1.1091
-34.4549 2.1091
-34.4549 3.1091
-34.4549 5.1091
-33.4549 -24.8909
-33.4549 -23.8909
-33.4549 -22.8909
-33.4549 -21.8909
-33.4549 -20.8909
-33.4549 -19.8909
-33.4549 -18.8909
-33.4549 0.1091
-33.4549 1.1091
-33.4549 2.1091
-33.4549 3.1091
-33.4549 4.1091
-33.4549 5.1091
-32.4549 -25.8909
-32.4549 -24.8909
-32.4549 -23.8909
-32.4549 -22.8909
-32.4549 -21.8909
-32.4549 -20.8909
-32.4549 -19.8909
-32.4549 -0.8909
-32.4549 0.1091
-32.4549 1.1091
-32.4549 2.1091
-32.4549 3.1091
-32.4549 4.1091
-31.4549 -26.8909
-31.4549 -25.8909
-31.4549 -24.8909
-31.4549 -23.8909
-31.4549 -22.8909
-31.4549 -21.8909
-31.4549 -20.8909
-31.4549 -19.8909
-31.4549 -18.8909
-31.4549 -0.8909
-31.4549 0.1091
-31.4549 1.1091
-31.4549 2.1091
-31.4549 3.1091
-31.4549 4.1091
-30.4549 -26.8909
-30.4549 -25.8909
-30.4549 -24.8909
-30.4549 -23.8909
-30.4549 -22.8909
-30.4549 -21.8909
-30.4549 -20.8909
-30.4549 -19.8909
-30.4549 -18.8909
-30.4549 -17.8909
-30.4549 -15.8909
-30.4549 -0.8909
-30.4549 0.1091
-30.4549 1.1091
-30.4549 2.1091
-30.4549 3.1091
-30.4549 4.1091
-29.4549 -24.8909
-29.4549 -23.8909
-29.4549 -22.8909
-29.4549 -21.8909
-29.4549 -20.8909
-29.4549 -19.8909
-29.4549 -18.8909
-29.4549 -17.8909
-29.4549 -16.8909
-29.4549 -15.8909
-29.4549 -14.8909
-29.4549 -5.8909
-29.4549 -4.8909
-29.4549 -3.8909
-29.4549 -2.8909
-29.4549 -1.8909
-29.4549 -0.8909
-29.4549 0.1091
-29.4549 1.1091
-29.4549 2.1091
-29.4549 3.1091
-29.4549 4.1091
-28.4549 -23.8909
-28.4549 -22.8909
-28.4549 -21.8909
-28.4549 -20.8909
-28.4549 -19.8909
-28.4549 -18.8909
-28.4549 -17.8909
-28.4549 -16.8909
-28.4549 -15.8909
-28.4549 -14.8909
-28.4549 -13.8909
-28.4549 -12.8909
-28.4549 -2.8909
-28.4549 -1.8909
-28.4549 -0.8909
-28.4549 0.1091
-28.4549 1.1091
-28.4549 2.1091
-28.4549 3.1091
-28.4549 4.1091
-27.4549 -24.8909
-27.4549 -23.8909
-27.4549 -22.8909
-27.4549 -21.8909
-27.4549 -20.8909
-27.4549 -19.8909
-27.4549 -18.8909
-27.4549 -17.8909
-27.4549 -16.8909
-27.4549 -15.8909
-27.4549 -14.8909
-27.4549 -13.8909
-27.4549 -12.8909
-27.4549 -11.8909
-27.4549 -10.8909
-27.4549 -9.8909
-27.4549 -8.8909
-27.4549 -7.8909
-27.4549 -6.8909
-27.4549 -5.8909
-27.4549 -4.8909
-27.4549 -3.8909
-27.4549 -2.8909
-27.4549 -1.8909
-27.4549 -0.8909
-27.4549 0.1091
-27.4549 1.1091
-27.4549 2.1091
-27.4549 3.1091
-27.4549 4.1091
-26.4549 -24.8909
-26.4549 -23.8909
-26.4549 -22.8909
-26.4549 -21.8909
-26.4549 -20.8909
-26.4549 -19.8909
-26.4549 -18.8909
-26.4549 -17.8909
-26.4549 -16.8909
-26.4549 -15.8909
-26.4549 -14.8909
-26.4549 -13.8909
-26.4549 -12.8909
-26.4549 -11.8909
-26.4549 -10.8909
-26.4549 -9.8909
-26.4549 -8.8909
-26.4549 -7.8909
-26.4549 -6.8909
-26.4549 -5.8909
-26.4549 -4.8909
-26.4549 -3.8909
-26.4549 -2.8909
-26.4549 -1.8909
-26.4549 -0.8909
-26.4549 0.1091
-26.4549 1.1091
-26.4549 2.1091
-26.4549 3.1091
-26.4549 4.1091
-25.4549 -24.8909
-25.4549 -23.8909
-25.4549 -22.8909
-25.4549 -21.8909
-25.4549 -20.8909
-25.4549 -19.8909
-25.4549 -18.8909
-25.4549 -17.8909
-25.4549 -16.8909
-25.4549 -15.8909
-25.4549 -14.8909
-25.4549 -13.8909
-25.4549 -12.8909
-25.4549 -11.8909
-25.4549 -10.8909
-25.4549 -9.8909
-25.4549 -8.8909
-25.4549 -7.8909
-25.4549 -6.8909
-25.4549 -5.8909
-25.4549 -4.8909
-25.4549 -3.8909
-25.4549 -2.8909
-25.4549 -1.8909
-25.4549 -0.8909
-25.4549 0.1091
-25.4549 1.1091
-25.4549 2.1091
-25.4549 3.1091
-25.4549 4.1091
-24.4549 -23.8909
-24.4549 -22.8909
-24.4549 -21.8909
-24.4549 -20.8909
-24.4549 -19.8909
-24.4549 -18.8909
-24.4549 -17.8909
-24.4549 -16.8909
-24.4549 -15.8909
-24.4549 -14.8909
-24.4549 -13.8909
-24.4549 -12.8909
-24.4549 -11.8909
-24.4549 -10.8909
-24.4549 -9.8909
-24.4549 -8.8909
-24.4549 -7.8909
-24.4549 -6.8909
-24.4549 -5.8909
-24.4549 -4.8909
-24.4549 -3.8909
-24.4549 -2.8909
-24.4549 -1.8909
-24.4549 -0.8909
-24.4549 0.1091
-24.4549 1.1091
-24.4549 2.1091
-24.4549 3.1091
-24.4549 4.1091
-23.4549 -23.8909
-23.4549 -22.8909
-23.4549 -21.8909
-23.4549 -20.8909
-23.4549 -19.8909
-23.4549 -18.8909
-23.4549 -17.8909
-23.4549 -16.8909
-23.4549 -15.8909
-23.4549 -14.8909
-23.4549 -13.8909
-23.4549 -12.8909
-23.4549 -11.8909
-23.4549 -10.8909
-23.4549 -9.8909
-23.4549 -8.8909
-23.4549 -7.8909
-23.4549 -6.8909
-23.4549 -5.8909
-23.4549 -4.8909
-23.4549 -3.8909
-23.4549 -2.8909
-23.4549 -1.8909
-23.4549 -0.8909
-23.4549 0.1091
-23.4549 1.1091
-23.4549 2.1091
-23.4549 3.1091
-23.4549 4.1091
-22.4549 -22.8909
-22.4549 -21.8909
-22.4549 -20.8909
-22.4549 -19.8909
-22.4549 -18.8909
-22.4549 -17.8909
-22.4549 -16.8909
-22.4549 -15.8909
-22.4549 -14.8909
-22.4549 -13.8909
-22.4549 -12.8909
-22.4549 -11.8909
-22.4549 -10.8909
-22.4549 -9.8909
-22.4549 -8.8909
-22.4549 -7.8909
-22.4549 -6.8909
-22.4549 -5.8909
-22.4549 -4.8909
-22.4549 -3.8909
-22.4549 -2.8909
-22.4549 -1.8909
-22.4549 -0.8909
-22.4549 0.1091
-22.4549 1.1091
-22.4549 2.1091
-22.4549 3.1091
-21.4549 -21.8909
-21.4549 -20.8909
-21.4549 -19.8909
-21.4549 -18.8909
-21.4549 -17.8909
-21.4549 -16.8909
-21.4549 -15.8909
-21.4549 -14.8909
-21.4549 -13.8909
-21.4549 -12.8909
-21.4549 -11.8909
-21.4549 -10.8909
-21.4549 -9.8909
-21.4549 -8.8909
-21.4549 -7.8909
-21.4549 -6.8909
-21.4549 -5.8909
-21.4549 -4.8909
-21.4549 -3.8909
-21.4549 -2.8909
-21.4549 -1.8909
-21.4549 -0.8909
-21.4549 0.1091
-21.4549 1.1091
-21.4549 2.1091
-21.4549 3.1091
-20.4549 -21.8909
-20.4549 -20.8909
-20.4549 -19.8909
-20.4549 -18.8909
-20.4549 -17.8909
-20.4549 -16.8909
-20.4549 -15.8909
-20.4549 -14.8909
-20.4549 -13.8909
-20.4549 -12.8909
-20.4549 -11.8909
-20.4549 -10.8909
-20.4549 -9.8909
-20.4549 -8.8909
-20.4549 -7.8909
-20.4549 -6.8909
-20.4549 -5.8909
-20.4549 -4.8909
-20.4549 -3.8909
-20.4549 -2.8909
-20.4549 -1.8909
-20.4549 -0.8909
-20.4549 0.1091
-20.4549 1.1091
-20.4549 2.1091
-19.4549 -20.8909
-19.4549 -19.8909
-19.4549 -18.8909
-19.4549 -17.8909
-19.4549 -16.8909
-19.4549 -15.8909
-19.4549 -14.8909
-19.4549 -13.8909
-19.4549 -12.8909
-19.4549 -11.8909
-19.4549 -10.8909
-19.4549 -9.8909
-19.4549 -8.8909
-19.4549 -7.8909
-19.4549 -6.8909
-19.4549 -5.8909
-19.4549 -4.8909
-19.4549 -3.8909
-19.4549 -2.8909
-19.4549 -1.8909
-19.4549 -0.8909
-19.4549 0.1091
-19.4549 1.1091
-19.4549 2.1091
-18.4549 -19.8909
-18.4549 -18.8909
-18.4549 -17.8909
-18.4549 -16.8909
-18.4549 -15.8909
-18.4549 -14.8909
-18.4549 -13.8909
-18.4549 -12.8909
-18.4549 -11.8909
-18.4549 -10.8909
-18.4549 -9.8909
-18.4549 -8.8909
-18.4549 -7.8909
-18.4549 -6.8909
-18.4549 -5.8909
-18.4549 -4.8909
-18.4549 -3.8909
-18.4549 -2.8909
-18.4549 -1.8909
-18.4549 -0.8909
-18.4549 0.1091
-18.4549 1.1091
-17.4549 -19.8909
-17.4549 -18.8909
-17.4549 -17.8909
-17.4549 -16.8909
-17.4549 -15.8909
-17.4549 -14.8909
-17.4549 -13.8909
-17.4549 -12.8909
-17.4549 -11.8909
-17.4549 -10.8909
-17.4549 -9.8909
-17.4549 -8.8909
-17.4549 -7.8909
-17.4549 -6.8909
-17.4549 -5.8909
-17.4549 -4.8909
-17.4549 -3.8909
-17.4549 -2.8909
-17.4549 -1.8909
-17.4549 -0.8909
-17.4549 0.1091
-16.4549 -18.8909
-16.4549 -17.8909
-16.4549 -16.8909
-16.4549 -15.8909
-16.4549 -14.8909
-16.4549 -13.8909
-16.4549 -12.8909
-16.4549 -11.8909
-16.4549 -10.8909
-16.4549 -9.8909
-16.4549 -8.8909
-16.4549 -7.8909
-16.4549 -6.8909
-16.4549 -5.8909
-16.4549 -4.8909
-16.4549 -3.8909
-16.4549 -2.8909
-16.4549 -1.8909
-16.4549 -0.8909
-16.4549 0.1091
-15.4549 -18.8909
-15.4549 -17.8909
-15.4549 -16.8909
-15.4549 -15.8909
-15.4549 -14.8909
-15.4549 -13.8909
-15.4549 -12.8909
-15.4549 -11.8909
-15.4549 -10.8909
-15.4549 -9.8909
-15.4549 -8.8909
-15.4549 -7.8909
-15.4549 -6.8909
-15.4549 -5.8909
-15.4549 -4.8909
-15.4549 -3.8909
-15.4549 -2.8909
-15.4549 -1.8909
-15.4549 -0.8909
-14.4549 -17.8909
-14.4549 -16.8909
-14.4549 -15.8909
-14.4549 -14.8909
-14.4549 -13.8909
-14.4549 -12.8909
-14.4549 -11.8909
-14.4549 -10.8909
-14.4549 -9.8909
-14.4549 -8.8909
-14.4549 -7.8909
-14.4549 -6.8909
-14.4549 -5.8909
-14.4549 -4.8909
-14.4549 -3.8909
-14.4549 -2.8909
-14.4549 -1.8909
-14.4549 -0.8909
-13.4549 -17.8909
-13.4549 -16.8909
-13.4549 -15.8909
-13.4549 -14.8909
-13.4549 -13.8909
-13.4549 -12.8909
-13.4549 -11.8909
-13.4549 -10.8909
-13.4549 -9.8909
-13.4549 -8.8909
-13.4549 -7.8909
-13.4549 -6.8909
-13.4549 -5.8909
-13.4549 -4.8909
-13.4549 -3.8909
-13.4549 -2.8909
-13.4549 -1.8909
-12.4549 -17.8909
-12.4549 -16.8909
-12.4549 -15.8909
-12.4549 -14.8909
-12.4549 -13.8909
-12.4549 -12.8909
-12.4549 -11.8909
-12.4549 -10.8909
-12.4549 -9.8909
-12.4549 -8.8909
-12.4549 -7.8909
-12.4549 -6.8909
-12.4549 -5.8909
-12.4549 -4.8909
-12.4549 -3.8909
-12.4549 -2.8909
-12.4549 -1.8909
-11.4549 -17.8909
-11.4549 -16.8909
-11.4549 -15.8909
-11.4549 -14.8909
-11.4549 -13.8909
-11.4549 -12.8909
-11.4549 -11.8909
-11.4549 -10.8909
-11.4549 -9.8909
-11.4549 -8.8909
-11.4549 -7.8909
-11.4549 -6.8909
-11.4549 -5.8909
-11.4549 -4.8909
-11.4549 -3.8909
-11.4549 -2.8909
-10.4549 -16.8909
-10.4549 -15.8909
-10.4549 -14.8909
-10.4549 -13.8909
-10.4549 -12.8909
-10.4549 -11.8909
-10.4549 -10.8909
-10.4549 -9.8909
-10.4549 -8.8909
-10.4549 -7.8909
-10.4549 -6.8909
-10.4549 -5.8909
-10.4549 -4.8909
-10.4549 -3.8909
-10.4549 -2.8909
-9.4549 -16.8909
-9.4549 -15.8909
-9.4549 -14.8909
-9.4549 -13.8909
-9.4549 -12.8909
-9.4549 -11.8909
-9.4549 -10.8909
-9.4549 -9.8909
-9.4549 -8.8909
-9.4549 -7.8909
-9.4549 -6.8909
-9.4549 -5.8909
-9.4549 -4.8909
-9.4549 -3.8909
-9.4549 -2.8909
-8.4549 -16.8909
-8.4549 -15.8909
-8.4549 -14.8909
-8.4549 -13.8909
-8.4549 -12.8909
-8.4549 -11.8909
-8.4549 -10.8909
-8.4549 -9.8909
-8.4549 -8.8909
-8.4549 -7.8909
-8.4549 -6.8909
-8.4549 -5.8909
-8.4549 -4.8909
-8.4549 -3.8909
-7.4549 -16.8909
-7.4549 -15.8909
-7.4549 -14.8909
-7.4549 -13.8909
-7.4549 -12.8909
-7.4549 -11.8909
-7.4549 -10.8909
-7.4549 -9.8909
-7.4549 -8.8909
-7.4549 -7.8909
-7.4549 -6.8909
-7.4549 -5.8909
-7.4549 -4.8909
-7.4549 -3.8909
-6.4549 -16.8909
-6.4549 -15.8909
-6.4549 -14.8909
-6.4549 -13.8909
-6.4549 -12.8909
-6.4549 -11.8909
-6.4549 -10.8909
-6.4549 -9.8909
-6.4549 -8.8909
-6.4549 -7.8909
-6.4549 -6.8909
-6.4549 -5.8909
-6.4549 -4.8909
-6.4549 -3.8909
-5.4549 -16.8909
-5.4549 -15.8909
-5.4549 -14.8909
-5.4549 -13.8909
-5.4549 -12.8909
-5.4549 -11.8909
-5.4549 -10.8909
-5.4549 -9.8909
-5.4549 -8.8909
-5.4549 -7.8909
-5.4549 -6.8909
-5.4549 -5.8909
-5.4549 -4.8909
-4.4549 -16.8909
-4.4549 -15.8909
-4.4549 -14.8909
-4.4549 -13.8909
-4.4549 -12.8909
-4.4549 -11.8909
-4.4549 -10.8909
-4.4549 -9.8909
-4.4549 -8.8909
-4.4549 -7.8909
-4.4549 -6.8909
-4.4549 -5.8909
-4.4549 -4.8909
-3.4549 -16.8909
-3.4549 -15.8909
-3.4549 -14.8909
-3.4549 -13.8909
-3.4549 -12.8909
-3.4549 -11.8909
-3.4549 -10.8909
-3.4549 -9.8909
-3.4549 -8.8909
-3.4549 -7.8909
-3.4549 -6.8909
-3.4549 -5.8909
-3.4549 -4.8909
-2.4549 -16.8909
-2.4549 -15.8909
-2.4549 -14.8909
-2.4549 -13.8909
-2.4549 -12.8909
-2.4549 -11.8909
-2.4549 -10.8909
-2.4549 -9.8909
-2.4549 -8.8909
-2.4549 -7.8909
-2.4549 -6.8909
-2.4549 -5.8909
-2.4549 -4.8909
-1.4549 -16.8909
-1.4549 -15.8909
-1.4549 -14.8909
-1.4549 -13.8909
-1.4549 -12.8909
-1.4549 -11.8909
-1.4549 -10.8909
-1.4549 -9.8909
-1.4549 -8.8909
-1.4549 -7.8909
-1.4549 -6.8909
-1.4549 -5.8909
-1.4549 -4.8909
-0.454899 -16.8909
-0.454899 -15.8909
-0.454899 -14.8909
-0.454899 -13.8909
-0.454899 -12.8909
-0.454899 -11.8909
-0.454899 -10.8909
-0.454899 -9.8909
-0.454899 -8.8909
-0.454899 -7.8909
-0.454899 -6.8909
-0.454899 -5.8909
-0.454899 -4.8909
0.545101 -16.8909
0.545101 -15.8909
0.545101 -14.8909
0.545101 -13.8909
0.545101 -12.8909
0.545101 -11.8909
0.545101 -10.8909
0.545101 -9.8909
0.545101 -8.8909
0.545101 -7.8909
0.545101 -6.8909
0.545101 -5.8909
0.545101 -4.8909
1.5451 -16.8909
1.5451 -15.8909
1.5451 -14.8909
1.5451 -13.8909
1.5451 -12.8909
1.5451 -11.8909
1.5451 -10.8909
1.5451 -9.8909
1.5451 -8.8909
1.5451 -7.8909
1.5451 -6.8909
1.5451 -5.8909
1.5451 -4.8909
2.5451 -16.8909
2.5451 -15.8909
2.5451 -14.8909
2.5451 -13.8909
2.5451 -12.8909
2.5451 -11.8909
2.5451 -10.8909
2.5451 -9.8909
2.5451 -8.8909
2.5451 -7.8909
2.5451 -6.8909
2.5451 -5.8909
2.5451 -4.8909
3.5451 -16.8909
3.5451 -15.8909
3.5451 -14.8909
3.5451 -13.8909
3.5451 -12.8909
3.5451 -11.8909
3.5451 -10.8909
3.5451 -9.8909
3.5451 -8.8909
3.5451 -7.8909
3.5451 -6.8909
3.5451 -5.8909
3.5451 -4.8909
4.5451 -16.8909
4.5451 -15.8909
4.5451 -14.8909
4.5451 -13.8909
4.5451 -12.8909
4.5451 -11.8909
4.5451 -10.8909
4.5451 -9.8909
4.5451 -8.8909
4.5451 -7.8909
4.5451 -6.8909
4.5451 -5.8909
4.5451 -4.8909
5.5451 -16.8909
5.5451 -15.8909
5.5451 -14.8909
5.5451 -13.8909
5.5451 -12.8909
5.5451 -11.8909
5.5451 -10.8909
5.5451 -9.8909
5.5451 -8.8909
5.5451 -7.8909
5.5451 -6.8909
5.5451 -5.8909
5.5451 -4.8909
6.5451 -16.8909
6.5451 -15.8909
6.5451 -14.8909
6.5451 -13.8909
6.5451 -12.8909
6.5451 -11.8909
6.5451 -10.8909
6.5451 -9.8909
6.5451 -8.8909
6.5451 -7.8909
6.5451 -6.8909
6.5451 -5.8909
7.5451 -16.8909
7.5451 -15.8909
7.5451 -14.8909
7.5451 -13.8909
7.5451 -12.8909
7.5451 -11.8909
7.5451 -10.8909
7.5451 -9.8909
7.5451 -8.8909
7.5451 -7.8909
7.5451 -6.8909
7.5451 -5.8909
8.5451 -16.8909
8.5451 -15.8909
8.5451 -14.8909
8.5451 -13.8909
8.5451 -12.8909
8.5451 -11.8909
8.5451 -10.8909
8.5451 -9.8909
8.5451 -8.8909
8.5451 -7.8909
8.5451 -6.8909
8.5451 -5.8909
9.5451 -16.8909
9.5451 -15.8909
9.5451 -14.8909
9.5451 -13.8909
9.5451 -12.8909
9.5451 -11.8909
9.5451 -10.8909
9.5451 -9.8909
9.5451 -8.8909
9.5451 -7.8909
9.5451 -6.8909
9.5451 -5.8909
10.5451 -16.8909
10.5451 -15.8909
10.5451 -14.8909
10.5451 -13.8909
10.5451 -12.8909
10.5451 -11.8909
10.5451 -10.8909
10.5451 -9.8909
10.5451 -8.8909
10.5451 -7.8909
10.5451 -6.8909
10.5451 -5.8909
11.5451 -16.8909
11.5451 -15.8909
11.5451 -14.8909
11.5451 -13.8909
11.5451 -12.8909
11.5451 -11.8909
11.5451 -10.8909
11.5451 -9.8909
11.5451 -8.8909
11.5451 -7.8909
11.5451 -6.8909
11.5451 -5.8909
12.5451 -16.8909
12.5451 -15.8909
12.5451 -14.8909
12.5451 -13.8909
12.5451 -12.8909
12.5451 -11.8909
12.5451 -10.8909
12.5451 -9.8909
12.5451 -8.8909
12.5451 -7.8909
12.5451 -6.8909
12.5451 -5.8909
13.5451 -16.8909
13.5451 -15.8909
13.5451 -14.8909
13.5451 -13.8909
13.5451 -12.8909
13.5451 -11.8909
13.5451 -10.8909
13.5451 -9.8909
13.5451 -8.8909
13.5451 -7.8909
13.5451 -6.8909
13.5451 -5.8909
14.5451 -16.8909
14.5451 -15.8909
14.5451 -14.8909
14.5451 -13.8909
14.5451 -12.8909
14.5451 -11.8909
14.5451 -10.8909
14.5451 -9.8909
14.5451 -8.8909
14.5451 -7.8909
14.5451 -6.8909
14.5451 -5.8909
15.5451 -17.8909
15.5451 -16.8909
15.5451 -15.8909
15.5451 -14.8909
15.5451 -13.8909
15.5451 -12.8909
15.5451 -11.8909
15.5451 -10.8909
15.5451 -9.8909
15.5451 -8.8909
15.5451 -7.8909
15.5451 -6.8909
15.5451 -5.8909
16.5451 -17.8909
16.5451 -16.8909
16.5451 -15.8909
16.5451 -14.8909
16.5451 -13.8909
16.5451 -12.8909
16.5451 -11.8909
16.5451 -10.8909
16.5451 -9.8909
16.5451 -8.8909
16.5451 -7.8909
16.5451 -6.8909
16.5451 -5.8909
17.5451 -17.8909
17.5451 -16.8909
17.5451 -15.8909
17.5451 -14.8909
17.5451 -13.8909
17.5451 -12.8909
17.5451 -11.8909
17.5451 -10.8909
17.5451 -9.8909
17.5451 -8.8909
17.5451 -7.8909
17.5451 -6.8909
17.5451 -5.8909
18.5451 -17.8909
18.5451 -16.8909
18.5451 -15.8909
18.5451 -14.8909
18.5451 -13.8909
18.5451 -12.8909
18.5451 -11.8909
18.5451 -10.8909
18.5451 -9.8909
18.5451 -8.8909
18.5451 -7.8909
18.5451 -6.8909
18.5451 -5.8909
19.5451 -17.8909
19.5451 -16.8909
19.5451 -15.8909
19.5451 -14.8909
19.5451 -13.8909
19.5451 -12.8909
19.5451 -11.8909
19.5451 -10.8909
19.5451 -9.8909
19.5451 -8.8909
19.5451 -7.8909
19.5451 -6.8909
19.5451 -5.8909
20.5451 -17.8909
20.5451 -16.8909
20.5451 -15.8909
20.5451 -14.8909
20.5451 -13.8909
20.5451 -12.8909
20.5451 -11.8909
20.5451 -10.8909
20.5451 -9.8909
20.5451 -8.8909
20.5451 -7.8909
20.5451 -6.8909
20.5451 -5.8909
21.5451 -17.8909
21.5451 -16.8909
21.5451 -15.8909
21.5451 -14.8909
21.5451 -13.8909
21.5451 -12.8909
21.5451 -11.8909
21.5451 -10.8909
21.5451 -9.8909
21.5451 -8.8909
21.5451 -7.8909
21.5451 -6.8909
21.5451 -5.8909
22.5451 -17.8909
22.5451 -16.8909
22.5451 -15.8909
22.5451 -14.8909
22.5451 -13.8909
22.5451 -12.8909
22.5451 -11.8909
22.5451 -10.8909
22.5451 -9.8909
22.5451 -8.8909
22.5451 -7.8909
22.5451 -6.8909
22.5451 -5.8909
23.5451 -17.8909
23.5451 -16.8909
23.5451 -15.8909
23.5451 -14.8909
23.5451 -13.8909
23.5451 -12.8909
23.5451 -11.8909
23.5451 -10.8909
23.5451 -9.8909
23.5451 -8.8909
23.5451 -7.8909
23.5451 -6.8909
23.5451 -5.8909
24.5451 -18.8909
24.5451 -17.8909
24.5451 -16.8909
24.5451 -15.8909
24.5451 -14.8909
24.5451 -13.8909
24.5451 -12.8909
24.5451 -11.8909
24.5451 -10.8909
24.5451 -9.8909
24.5451 -8.8909
24.5451 -7.8909
24.5451 -6.8909
24.5451 -5.8909
25.5451 -18.8909
25.5451 -17.8909
25.5451 -16.8909
25.5451 -15.8909
25.5451 -14.8909
25.5451 -13.8909
25.5451 -12.8909
25.5451 -11.8909
25.5451 -10.8909
25.5451 -9.8909
25.5451 -8.8909
25.5451 -7.8909
25.5451 -6.8909
25.5451 -5.8909
26.5451 -18.8909
26.5451 -17.8909
26.5451 -16.8909
26.5451 -15.8909
26.5451 -14.8909
26.5451 -13.8909
26.5451 -12.8909
26.5451 -11.8909
26.5451 -10.8909
26.5451 -9.8909
26.5451 -8.8909
26.5451 -7.8909
26.5451 -6.8909
26.5451 -5.8909
27.5451 -18.8909
27.5451 -17.8909
27.5451 -16.8909
27.5451 -15.8909
27.5451 -14.8909
27.5451 -13.8909
27.5451 -12.8909
27.5451 -11.8909
27.5451 -10.8909
27.5451 -9.8909
27.5451 -8.8909
27.5451 -7.8909
27.5451 -6.8909
28.5451 -18.8909
28.5451 -17.8909
28.5451 -16.8909
28.5451 -15.8909
28.5451 -14.8909
28.5451 -13.8909
28.5451 -12.8909
28.5451 -11.8909
28.5451 -10.8909
28.5451 -9.8909
28.5451 -8.8909
28.5451 -7.8909
28.5451 -6.8909
29.5451 -18.8909
29.5451 -17.8909
29.5451 -16.8909
29.5451 -15.8909
29.5451 -14.8909
29.5451 -13.8909
29.5451 -12.8909
29.5451 -11.8909
29.5451 -10.8909
29.5451 -9.8909
29.5451 -8.8909
29.5451 -7.8909
29.5451 -6.8909
30.5451 -18.8909
30.5451 -17.8909
30.5451 -16.8909
30.5451 -15.8909
30.5451 -14.8909
30.5451 -13.8909
30.5451 -12.8909
30.5451 -11.8909
30.5451 -10.8909
30.5451 -9.8909
30.5451 -8.8909
30.5451 -7.8909
30.5451 -6.8909
31.5451 -18.8909
31.5451 -17.8909
31.5451 -16.8909
31.5451 -15.8909
31.5451 -14.8909
31.5451 -13.8909
31.5451 -12.8909
31.5451 -11.8909
31.5451 -10.8909
31.5451 -9.8909
31.5451 -8.8909
31.5451 -7.8909
31.5451 -6.8909
32.5451 -18.8909
32.5451 -17.8909
32.5451 -16.8909
32.5451 -15.8909
32.5451 -14.8909
32.5451 -13.8909
32.5451 -12.8909
32.5451 -11.8909
32.5451 -10.8909
32.5451 -9.8909
32.5451 -8.8909
32.5451 -7.8909
32.5451 -6.8909
33.5451 -18.8909
33.5451 -17.8909
33.5451 -16.8909
33.5451 -15.8909
33.5451 -14.8909
33.5451 -13.8909
33.5451 -12.8909
33.5451 -11.8909
33.5451 -10.8909
33.5451 -9.8909
33.5451 -8.8909
33.5451 -7.8909
33.5451 -6.8909
34.5451 -18.8909
34.5451 -17.8909
34.5451 -16.8909
34.5451 -15.8909
34.5451 -14.8909
34.5451 -13.8909
34.5451 -12.8909
34.5451 -11.8909
34.5451 -10.8909
34.5451 -9.8909
34.5451 -8.8909
34.5451 -7.8909
34.5451 -6.8909
35.5451 -18.8909
35.5451 -17.8909
35.5451 -16.8909
35.5451 -15.8909
35.5451 -14.8909
35.5451 -13.8909
35.5451 -12.8909
35.5451 -11.8909
35.5451 -10.8909
35.5451 -9.8909
35.5451 -8.8909
35.5451 -7.8909
35.5451 -6.8909
36.5451 -18.8909
36.5451 -17.8909
36.5451 -16.8909
36.5451 -15.8909
36.5451 -14.8909
36.5451 -13.8909
36.5451 -12.8909
36.5451 -11.8909
36.5451 -10.8909
36.5451 -9.8909
36.5451 -8.8909
36.5451 -7.8909
36.5451 -6.8909
37.5451 -18.8909
37.5451 -17.8909
37.5451 -16.8909
37.5451 -15.8909
37.5451 -14.8909
37.5451 -13.8909
37.5451 -12.8909
37.5451 -11.8909
37.5451 -10.8909
37.5451 -9.8909
37.5451 -8.8909
37.5451 -7.8909
38.5451 -18.8909
38.5451 -17.8909
38.5451 -16.8909
38.5451 -15.8909
38.5451 -14.8909
38.5451 -13.8909
38.5451 -12.8909
38.5451 -11.8909
38.5451 -10.8909
38.5451 -9.8909
38.5451 -8.8909
38.5451 -7.8909
39.5451 -18.8909
39.5451 -17.8909
39.5451 -16.8909
39.5451 -15.8909
39.5451 -14.8909
39.5451 -13.8909
39.5451 -12.8909
39.5451 -11.8909
39.5451 -10.8909
39.5451 -9.8909
39.5451 -8.8909
39.5451 -7.8909
40.5451 -18.8909
40.5451 -17.8909
40.5451 -16.8909
40.5451 -15.8909
40.5451 -14.8909
40.5451 -13.8909
40.5451 -12.8909
40.5451 -11.8909
40.5451 -10.8909
40.5451 -9.8909
40.5451 -8.8909
40.5451 -7.8909
41.5451 -18.8909
41.5451 -17.8909
41.5451 -16.8909
41.5451 -15.8909
41.5451 -14.8909
41.5451 -13.8909
41.5451 -12.8909
41.5451 -11.8909
41.5451 -10.8909
41.5451 -9.8909
41.5451 -8.8909
42.5451 -18.8909
42.5451 -17.8909
42.5451 -16.8909
42.5451 -15.8909
42.5451 -14.8909
42.5451 -13.8909
42.5451 -12.8909
42.5451 -11.8909
42.5451 -10.8909
42.5451 -9.8909
42.5451 -8.8909
43.5451 -18.8909
43.5451 -17.8909
43.5451 -16.8909
43.5451 -15.8909
43.5451 -14.8909
43.5451 -13.8909
43.5451 -12.8909
43.5451 -11.8909
43.5451 -10.8909
43.5451 -9.8909
43.5451 -8.8909
44.5451 -18.8909
44.5451 -17.8909
44.5451 -16.8909
44.5451 -15.8909
44.5451 -14.8909
44.5451 -13.8909
44.5451 -12.8909
44.5451 -11.8909
44.5451 -10.8909
44.5451 -9.8909
44.5451 -8.8909
45.5451 -19.8909
45.5451 -18.8909
45.5451 -17.8909
45.5451 -16.8909
45.5451 -15.8909
45.5451 -14.8909
45.5451 -13.8909
45.5451 -12.8909
45.5451 -11.8909
45.5451 -10.8909
45.5451 -9.8909
45.5451 -8.8909
45.5451 -6.8909
46.5451 -19.8909
46.5451 -18.8909
46.5451 -17.8909
46.5451 -16.8909
46.5451 -15.8909
46.5451 -14.8909
46.5451 -13.8909
46.5451 -12.8909
46.5451 -11.8909
46.5451 -10.8909
46.5451 -9.8909
46.5451 -8.8909
46.5451 -6.8909
47.5451 -19.8909
47.5451 -18.8909
47.5451 -17.8909
47.5451 -16.8909
47.5451 -15.8909
47.5451 -14.8909
47.5451 -13.8909
47.5451 -12.8909
47.5451 -11.8909
47.5451 -10.8909
47.5451 -9.8909
47.5451 -8.8909
47.5451 -6.8909
47.5451 -5.8909
48.5451 -19.8909
48.5451 -18.8909
48.5451 -17.8909
48.5451 -16.8909
48.5451 -15.8909
48.5451 -14.8909
48.5451 -13.8909
48.5451 -12.8909
48.5451 -11.8909
48.5451 -10.8909
48.5451 -9.8909
48.5451 -8.8909
48.5451 -7.8909
48.5451 -6.8909
48.5451 -5.8909
49.5451 -19.8909
49.5451 -18.8909
49.5451 -17.8909
49.5451 -16.8909
49.5451 -15.8909
49.5451 -14.8909
49.5451 -13.8909
49.5451 -12.8909
49.5451 -11.8909
49.5451 -10.8909
49.5451 -9.8909
49.5451 -8.8909
49.5451 -7.8909
49.5451 -6.8909
49.5451 -5.8909
